Image: 2026.03.09/2026.03.09_21.43.16_image.jpg
Size: 4056x3040
Analysis channel: Red
Threshold used: < 80
Total contours: 66
Background intensity: ~252

  #     Area    BBox WxH  Aspect     CentX     CentY  MeanInt
-----------------------------------------------------------------
  1    19354   126x185     0.68    1249.9     718.7     28.9
  2    18929   126x176     0.72    1243.9     525.6     25.3
  3    18487   117x178     0.66    1268.5    2447.0     22.0
  4    17498   117x167     0.70    1271.0    2648.2     20.3
  5    17409   112x178     0.63     962.3     725.5     23.4
  6    17046   108x176     0.61    3539.3    2417.3     20.3
  7    16946   116x171     0.68    3519.7     692.0     26.9
  8    16629   111x175     0.63     814.0     529.4     26.6
  9    16624   114x166     0.69    3513.1     500.0     21.9
 10    16498   109x177     0.62     819.7     725.0     24.9
 11    16393   104x177     0.59    3397.6    2421.1     21.4
 12    16392   104x172     0.60    3677.2    2418.0     16.5
 13    16386   112x173     0.65     957.3     533.1     27.1
 14    16255   106x170     0.62    3542.0    2618.6     20.4
 15    16195   105x171     0.61     983.7    2454.1     18.1
 16    16178   106x183     0.58    1104.2     723.0     28.7
 17    15989   102x172     0.59     839.4    2455.3     17.9
 18    15936   106x172     0.62    3376.9     694.3     22.0
 19    15934   103x172     0.60     986.1    2652.8     20.7
 20    15905   109x166     0.66    3651.7     500.4     22.9
 21    15807   108x164     0.66    3657.3     695.2     19.9
 22    15730   104x168     0.62    3834.7    2413.6     18.9
 23    15705   101x177     0.57     684.3    2456.4     22.4
 24    15687   104x170     0.61    3399.2    2620.2     22.1
 25    15676   106x166     0.64    3371.6     501.6     19.9
 26    15676    99x181     0.55    1123.2    2451.4     24.0
 27    15564   102x168     0.61    3836.3    2614.4     18.2
 28    15543   106x170     0.62    1097.6     529.2     23.5
 29    15527   108x165     0.65    3816.7     688.1     23.7
 30    15525   105x163     0.64    3244.0    2625.6     17.7
 31    15380   109x162     0.67    3811.2     494.7     24.3
 32    15372   106x175     0.61     658.1     535.5     30.6
 33    15208   103x162     0.64    3679.3    2621.2     17.0
 34    15096   102x164     0.62     841.9    2653.3     19.0
 35    14974   100x168     0.60     687.9    2655.5     20.7
 36    14740    98x170     0.58    1126.0    2651.3     22.5
 37     8521   100x110     0.91    3241.8    2424.7     48.5
 38     8419   102x108     0.94    3221.6     698.7     43.3
 39     8300   105x105     1.00    3215.7     505.8     46.9
 40     8221    99x112     0.88     664.3     728.3     49.6
 41     1154    31x47      0.66     774.3    1242.3     41.6
 42       27     9x5       1.80     644.8     450.8     76.1
 43       15     6x3       2.00    3822.1    2496.1     62.4
 44       12     6x3       2.00    3228.5     452.8     72.3
 45       10     6x2       3.00    3550.1     580.4     72.9
 46        9     3x4       0.75     786.2     643.1     78.1
 47        8     3x3       1.00     967.1     443.9     76.8
 48        8     3x3       1.00    1218.9     443.9     75.0
 49        8     2x5       0.40    3317.4     469.4     69.9
 50        8     2x5       0.40     712.4     549.0     78.0
 51        8     5x2       2.50    1107.0    2730.4     69.6
 52        7     4x3       1.33    1228.6     442.9     78.9
 53        7     2x5       0.40    3318.7     510.9     72.5
 54        7     4x2       2.00    3378.7     778.4     71.8
 55        6     2x3       0.67     839.5     442.0     76.0
 56        6     2x3       0.67    1262.5     624.0     74.3
 57        6     2x3       0.67     862.5     646.0     73.2
 58        6     3x2       1.50    3637.0     776.5     73.3
 59        5     2x3       0.67    1084.6     630.8     70.8
 60        5     2x3       0.67     791.4     640.8     75.5
 61        5     5x1       5.00     916.0     647.0     73.0
 62        5     2x3       0.67     910.6     656.8     74.5
 63        5     3x2       1.50    1156.2     690.6     74.8
 64        5     1x5       0.20    3327.0     740.0     72.4
 65        5     3x2       1.50    3691.8    2330.6     77.0
 66        5     3x2       1.50    1109.8    2570.6     76.8
