Image: 2026.02.26/2026.02.26_16.53.04_image.jpg
Size: 4056x3040
Analysis channel: Red
Threshold used: < 80
Total contours: 97
Background intensity: ~124

  #     Area    BBox WxH  Aspect     CentX     CentY  MeanInt
-----------------------------------------------------------------
  1    16189   109x167     0.65     481.2     379.3     49.5
  2    15832   105x167     0.63    3037.0     373.5     43.6
  3    15539   104x168     0.62    3337.9     376.2     47.2
  4    15147   105x159     0.66     486.6    2304.9     50.7
  5    15025   103x162     0.64    3040.8    2301.0     59.0
  6    14434   104x164     0.63    3341.0    2299.1     64.3
  7    14181   100x155     0.65     786.4    2501.2     50.9
  8    13598   103x148     0.70    3342.8    2493.2     64.8
  9     8734   119x103     1.16    2751.3     575.3     57.5
 10     8577   117x105     1.11    2750.6     375.7     59.7
 11     8273    95x135     0.70     188.7    2296.2     82.3
 12     8131   100x109     0.92     779.1     575.2     58.2
 13     8032   100x106     0.94     481.0     578.9     63.1
 14     7927   101x104     0.97    3038.2     574.3     55.6
 15     7893   101x104     0.97     778.9     376.0     56.8
 16     7868   101x104     0.97    3338.6     576.4     60.3
 17     7734   100x102     0.98    3179.5     577.4     57.0
 18     7676    95x108     0.88     622.8     579.0     60.5
 19     7643   100x102     0.98    3179.8     377.4     58.8
 20     7620    99x106     0.93     343.0     577.3     67.6
 21     7535    96x107     0.90     622.5     378.9     62.5
 22     7506    97x103     0.94     187.5     580.2     67.0
 23     7354    97x99      0.98     343.4     378.2     65.8
 24     7337    93x105     0.89     188.1     381.9     64.0
 25     7322    90x112     0.80    2896.1     576.0     56.1
 26     7166    88x109     0.81    2896.3     377.3     57.5
 27     7081    95x96      0.99     784.5    2303.4     63.7
 28     7037    98x95      1.03     488.6    2503.3     71.0
 29     7024    91x102     0.89     628.1    2306.2     66.8
 30     6980    95x98      0.97     347.5    2304.1     71.1
 31     6937    97x95      1.02    3182.9    2302.5     73.2
 32     6790    94x97      0.97     349.8    2501.4     72.5
 33     6754    90x98      0.92     630.0    2503.4     69.0
 34     6728    94x95      0.99     194.1    2504.2     73.8
 35     6651    86x104     0.83    2899.8    2302.6     72.8
 36     6504    98x99      0.99    3041.9    2494.6     77.4
 37     6336    86x100     0.86    2902.0    2498.7     75.5
 38     5963    94x84      1.12    3183.1    2495.1     73.7
 39     5012    69x98      0.70    2733.9    2301.9     73.6
 40     4990    67x97      0.69    2735.5    2499.9     75.8
 41     2281    44x68      0.65    2791.0    2299.0     72.1
 42     2145    42x68      0.62    2792.9    2495.9     74.6
 43     1244    32x49      0.65     774.3    1244.4     48.3
 44      849    32x58      0.55     949.6    2240.9    102.9
 45      541    38x29      1.31     807.4    2079.3     91.6
 46      333    21x24      0.88     271.5    2529.3     79.9
 47      323    23x24      0.96    3122.2    2252.8     84.2
 48      152    12x24      0.50     755.7    2170.7     82.8
 49      133    16x14      1.14     526.4    2603.2     78.4
 50      101    13x22      0.59    3465.2    2040.9     93.2
 51       93    21x11      1.91    3351.9    2571.8     80.1
 52       49     8x10      0.80     765.4    2124.3     77.6
 53       32     8x8       1.00    3331.7    2572.8     79.2
 54       31     8x7       1.14    3058.5    2538.8     79.2
 55       27     8x8       1.00     764.3    2107.3     80.6
 56       22     7x5       1.40    3349.3    2577.5     78.4
 57       21    10x7       1.43    3198.2    2542.5     81.2
 58       17     5x5       1.00    3376.8    2377.8     78.7
 59       17     5x5       1.00    3048.2    2540.8     78.5
 60       15     5x5       1.00    3110.7    2241.7     77.6
 61       15     4x6       0.67    3023.5    2533.8     78.4
 62       13     5x5       1.00    3029.2    2539.1     79.5
 63       13     4x4       1.00    3384.2    2571.2     77.2
 64       10     4x3       1.33     331.5     629.8     76.1
 65       10     3x6       0.50    3451.2    2025.4     78.9
 66       10     4x4       1.00    3453.2    2038.3     77.7
 67       10     3x5       0.60     917.6    2250.7     78.7
 68       10     4x3       1.33    3220.5    2530.2     77.5
 69       10     5x3       1.67    3210.8    2533.7     77.6
 70        9     4x3       1.33     597.7     331.9     79.2
 71        9     5x2       2.50     786.8     428.4     76.6
 72        9     2x6       0.33    3452.6    2017.4     77.4
 73        9     4x3       1.33    2888.6    2354.1     75.9
 74        9     5x2       2.50    3217.2    2536.4     76.7
 75        9     5x3       1.67    3303.9    2562.8     79.2
 76        9     4x4       1.00    3338.1    2571.1     79.8
 77        8     4x3       1.33    2746.5     321.0     78.4
 78        8     4x4       1.00     371.4     332.8     80.8
 79        8     4x2       2.00     171.5     332.5     75.2
 80        7     4x2       2.00     480.3     460.4     73.8
 81        7     3x4       0.75     834.9    2050.6     77.2
 82        6     3x3       1.00    3030.8    2544.2     78.2
 83        6     2x3       0.67    3051.5    2544.0     78.2
 84        6     4x2       2.00     197.2    2552.3     78.8
 85        6     3x2       1.50    3298.0    2562.5     76.8
 86        6     4x2       2.00    3327.5    2566.7     78.5
 87        6     3x2       1.50    3320.0    2576.5     77.2
 88        5     4x2       2.00     447.4     295.2     81.4
 89        5     3x2       1.50     496.8     458.4     78.0
 90        5     5x1       5.00    3053.0     525.0     78.4
 91        5     3x3       1.00     769.8    2104.0     79.1
 92        5     2x3       0.67    3202.4    2348.2     78.8
 93        5     2x3       0.67     350.4    2451.8     78.0
 94        5     2x3       0.67    3068.6    2529.2     78.7
 95        5     3x2       1.50    3056.0    2532.4     79.2
 96        5     3x2       1.50    3065.8    2535.6     78.8
 97        5     3x2       1.50    3366.2    2573.4     78.2
