Image: 2026.02.26/2026.02.26_16.16.34_image.jpg
Size: 4056x3040
Analysis channel: Red
Threshold used: < 80
Total contours: 532
Background intensity: ~111

  #     Area    BBox WxH  Aspect     CentX     CentY  MeanInt
-----------------------------------------------------------------
  1    15633   114x169     0.67    3905.1    1306.3     61.9
  2     9324   115x110     1.05    3318.3    1306.2     63.0
  3     8989   100x139     0.72     768.2    1297.9     62.6
  4     8975   114x106     1.08    3320.1    1505.0     63.7
  5     8701   109x112     0.97    3466.4    1307.4     67.1
  6     8628   111x113     0.98    3467.2    1505.5     67.4
  7     8469   107x110     0.97    3606.2    1305.9     67.5
  8     8408   105x110     0.95    1194.3    1505.4     53.8
  9     8349   106x105     1.01    1350.3    1503.5     52.6
 10     8288   104x110     0.95    1349.0    1304.1     51.5
 11     8277   102x103     0.99    1052.6    1504.8     48.5
 12     8251   104x110     0.95    1193.5    1306.7     53.1
 13     8197   103x105     0.98     910.5    1502.0     51.8
 14     8150   101x107     0.94     768.6    1505.5     52.1
 15     8086   145x174     0.83    2682.3     712.4     97.0
 16     8079   106x101     1.05    1051.8    1305.2     51.5
 17     7989   104x113     0.92    3608.7    1502.8     68.5
 18     7788   104x98      1.06     908.7    1303.0     49.8
 19     7338   106x103     1.03    3748.2    1308.2     70.7
 20     7289   104x102     1.02    3750.3    1506.8     71.5
 21     7018   107x105     1.02    3906.9    1504.3     81.2
 22     2335    62x58      1.07    2541.5    1079.1     78.9
 23     1900    53x51      1.04    2573.0     975.1     68.6
 24     1816    58x56      1.04    2709.8     334.3     81.6
 25     1507    40x64      0.62    2809.6     179.8     78.7
 26     1343    41x54      0.76    2713.4     490.5     76.5
 27     1324    42x46      0.91    2503.0    1258.3     74.6
 28     1322    49x41      1.20    2844.8     942.3     76.8
 29     1288    66x37      1.78    1362.1    1420.7     80.9
 30     1268    37x63      0.59    2619.3     541.8     84.3
 31     1028    53x35      1.51    1636.6    1462.2     79.2
 32      956    43x36      1.19    1488.2    1440.2     77.9
 33      926    40x44      0.91    3564.0     128.2     85.9
 34      863    36x42      0.86    2693.9     157.0     78.6
 35      785    37x33      1.12    3614.6     262.3     73.8
 36      676    28x41      0.68    2755.0     964.7     76.9
 37      630    33x38      0.87    3581.0      15.9     77.4
 38      602    45x31      1.45    2787.3    1072.4     79.9
 39      598    33x34      0.97    2830.4     815.5     79.4
 40      590    30x36      0.83    1625.5     492.9     79.5
 41      578    31x34      0.91    2622.0     891.1     78.7
 42      531    31x30      1.03    2653.0     423.7     78.7
 43      523    29x31      0.94    3645.1    1046.6     79.7
 44      516    29x31      0.94    3416.4     409.3     75.7
 45      497    27x30      0.90    3535.4     590.2     78.4
 46      456    26x30      0.87    3623.8     936.7     81.3
 47      441    25x28      0.89    3627.4     828.7     77.1
 48      430    24x30      0.80    2598.1      98.3     77.1
 49      396    22x27      0.81    3715.6    1118.5     75.8
 50      360    26x21      1.24    3943.6    1140.0     75.9
 51      352    29x29      1.00    2870.0     228.6     82.4
 52      349    23x29      0.79    2666.7     916.5     79.3
 53      314    22x23      0.96    3765.9     948.9     79.0
 54      298    24x24      1.00    3596.4     672.0     81.1
 55      271    24x29      0.83    3670.2     898.4     83.4
 56      268    22x26      0.85    2363.2      66.0     81.0
 57      263    27x21      1.29    2410.2    1054.9     80.0
 58      263    21x23      0.91    2417.5    1258.2     78.2
 59      233    21x20      1.05    3725.0     867.4     79.5
 60      231    19x21      0.90    2945.1     778.9     78.7
 61      208    18x35      0.51    2896.3     577.8     80.2
 62      207    24x20      1.20    2569.5     212.2     78.4
 63      205    19x21      0.90    2194.9    1047.0     78.8
 64      194    21x23      0.91    3596.5     361.4     82.6
 65      189    18x21      0.86    3870.4    1073.8     80.3
 66      177    18x16      1.12    2991.8       5.7     77.1
 67      167    14x22      0.64    2975.7       7.6     77.2
 68      167    15x25      0.60    2447.4     267.0     80.3
 69      157    14x23      0.61     751.8     751.6     78.2
 70      156    17x25      0.68    2950.6     305.8     80.3
 71      138    16x17      0.94    2644.9      26.0     79.4
 72      118    15x13      1.15     352.1     357.8     77.9
 73      113    16x21      0.76    2939.6     515.8     80.1
 74      109    15x17      0.88    2781.8     340.9     79.2
 75      109    12x22      0.55    3499.8     669.5     80.6
 76      103    10x18      0.56    2666.5    1189.4     78.8
 77      100    17x22      0.77    2962.3     409.0     80.1
 78      100    15x17      0.88     760.7     747.3     78.7
 79       83    14x13      1.08    2769.3     341.5     79.2
 80       77    14x12      1.17    3215.8     169.0     79.5
 81       75    13x16      0.81    3668.5     786.2     80.1
 82       71    10x13      0.77    3155.3      58.3     78.4
 83       68     6x20      0.30    3474.4     498.4     78.4
 84       65    16x7       2.29    2650.6     340.2     77.9
 85       59     5x18      0.28    2463.6     262.3     77.4
 86       53     9x13      0.69    2463.2    1068.0     79.2
 87       50     5x13      0.38    2225.5    1535.1     75.3
 88       48     7x15      0.47    2849.1     729.6     80.1
 89       45    13x7       1.86     356.9     367.4     78.7
 90       41     9x14      0.64    2189.2     243.2     80.6
 91       40     8x11      0.73    1970.5     682.8     80.7
 92       39     9x8       1.12    2841.0    1008.2     78.2
 93       37    13x6       2.17    2984.0     415.5     79.4
 94       37    12x6       2.00    1554.5    1435.0     80.2
 95       36    10x7       1.43    3211.7     178.6     78.0
 96       36     7x10      0.70    2480.1     744.3     77.0
 97       36     5x13      0.38    2221.8     883.4     79.1
 98       35     9x6       1.50    2904.8     571.1     78.5
 99       33     7x10      0.70    3037.5     105.7     79.9
100       33     5x12      0.42    2134.2    1517.2     80.6
101       33     9x8       1.12    3926.8    1550.9     80.6
102       32    11x5       2.20    3913.3    1555.0     78.8
103       31     8x9       0.89    1545.3    1444.1     79.6
104       29     5x9       0.56    2844.2    1014.2     76.8
105       28     6x10      0.60    3586.6      39.5     80.2
106       28     5x10      0.50    3585.9     132.2     77.9
107       28    10x4       2.50     347.7     348.8     78.5
108       28     9x8       1.12    2903.9     584.7     79.1
109       28     8x7       1.14     595.8     597.4     79.3
110       27     8x5       1.60    3032.8      94.0     78.2
111       27    10x5       2.00    2302.7    1055.0     79.7
112       27     5x9       0.56    1853.9    1956.5     74.7
113       26    11x5       2.20    2927.0     408.5     79.7
114       26     6x10      0.60    2910.0     562.8     80.1
115       25    10x5       2.00    2646.6     346.7     79.8
116       25     5x10      0.50    2953.3     422.4     79.4
117       25     5x8       0.62    2929.1     514.7     78.4
118       25     9x4       2.25    3720.7     856.2     77.8
119       25     4x11      0.36    2653.4     918.0     78.6
120       24     5x11      0.45    3506.2     663.3     81.0
121       24     8x6       1.33    1059.0    1391.2     78.9
122       24    11x5       2.20    1557.4    1441.0     79.9
123       23     6x6       1.00    3157.8      68.2     76.7
124       23     4x8       0.50    1764.1    1464.5     78.2
125       21    11x3       3.67    2184.9     230.3     78.8
126       21     6x8       0.75    2398.1    1061.0     79.4
127       21     7x5       1.40    1215.8    1402.8     79.1
128       21    11x5       2.20    2289.9    1542.4     80.9
129       20     6x7       0.86    3037.4     114.8     79.8
130       20     5x6       0.83    3455.8     236.4     76.2
131       20     8x4       2.00    3609.7     476.1     78.7
132       20     7x5       1.40    2906.8     577.8     78.4
133       20     6x5       1.20    1653.7    1449.6     78.5
134       20     5x9       0.56    3854.6    1512.2     79.4
135       19     5x8       0.62    2542.9     305.6     78.8
136       19     6x6       1.00    2781.1     330.7     79.4
137       19     5x5       1.00    3431.7     401.2     72.4
138       19     3x10      0.30    2934.8     411.5     78.4
139       19    13x4       3.25    2946.6     409.0     79.8
140       19     5x7       0.71    2931.9     524.6     79.6
141       19     7x4       1.75    3568.8    1233.6     78.0
142       19     4x9       0.44    3849.4    1503.3     80.2
143       18     5x7       0.71    2977.5     425.2     79.0
144       18     5x6       0.83    2896.9     555.8     79.0
145       18     4x8       0.50    2905.5     592.8     78.9
146       18     5x5       1.00    1092.8    1080.2     77.8
147       18     5x5       1.00    3778.8    1468.2     78.2
148       17     7x4       1.75    3215.8     160.4     78.2
149       17     5x6       0.83    3270.5     213.5     79.0
150       17     6x5       1.20    2813.5     214.4     79.7
151       17     5x4       1.25    2955.1     314.4     70.5
152       17     5x8       0.62    2800.2     323.1     79.9
153       17     4x6       0.67    2926.0     382.5     76.3
154       17     6x6       1.00    2928.0     399.9     80.2
155       17     4x5       0.80    2945.4     404.7     78.5
156       17     7x4       1.75    2652.0     408.1     78.8
157       17     6x5       1.20    2803.5    1063.0     79.1
158       17     7x4       1.75    1096.8    1074.4     78.8
159       17     7x4       1.75    3270.2    1276.3     78.2
160       17     7x5       1.40    1073.9    1385.9     80.2
161       16     9x3       3.00    2648.5      36.8     78.6
162       16     7x4       1.75    3205.2     176.6     79.6
163       16     6x7       0.86    2792.5     338.9     79.9
164       16     4x6       0.67    3175.6     344.9     76.5
165       16     7x4       1.75    2673.7    1191.1     79.1
166       16     4x7       0.57    3564.2    1223.7     79.0
167       16     7x5       1.40    1220.4    1408.5     80.8
168       15     5x5       1.00    2318.1     188.9     79.2
169       15     4x8       0.50    2879.3     235.3     79.9
170       15     2x8       0.25    2540.5     297.3     76.2
171       15     6x4       1.50    3368.5     339.4     77.6
172       15     6x4       1.50    2980.5     397.4     79.1
173       15    10x2       5.00    2953.1     414.5     79.0
174       15     5x5       1.00    3029.7     430.3     79.2
175       15     4x5       0.80    2921.3     513.9     77.0
176       15     3x6       0.50     762.2     761.4     76.6
177       15     5x5       1.00    1057.1    1401.9     79.6
178       15     5x4       1.25    1384.3    1437.7     78.8
179       15     6x3       2.00    3270.3    1479.1     71.7
180       14     6x4       1.50    2448.6     282.4     78.2
181       14     4x6       0.67    2651.8     332.6     79.6
182       14     6x5       1.20    2923.8     419.9     80.2
183       14     5x4       1.25    2942.8     437.4     76.0
184       14     4x6       0.67    2514.4     441.6     78.0
185       14     4x5       0.80    2895.7     597.8     79.0
186       14     4x5       0.80    3572.4    1225.9     76.9
187       14     6x4       1.50    3712.9    1541.6     79.3
188       13     8x4       2.00    2262.8      51.6     80.7
189       13     8x3       2.67    2183.8     234.9     78.8
190       13     8x4       2.00    3453.5     243.4     83.2
191       13     5x3       1.67    2658.7     330.9     74.9
192       13     3x6       0.50    2922.8     397.4     79.2
193       13     6x5       1.20    2931.1     421.2     80.1
194       13     5x4       1.25    3612.2     483.2     79.0
195       13     7x5       1.40    2859.0     710.2     80.2
196       13     6x3       2.00    2933.7     786.3     79.4
197       13     3x7       0.43    2797.2    1080.8     79.1
198       13     6x3       2.00    2799.4    1213.8     77.9
199       13     6x4       1.50    1043.5    1389.9     79.8
200       13     4x5       0.80    1048.5    1404.5     78.8
201       13     4x5       0.80    1633.1    1480.5     78.0
202       13     5x4       1.25    3697.1    1530.5     78.3
203       12     4x6       0.67    2633.7      19.8     80.8
204       12     5x3       1.67    2881.9     216.1     75.3
205       12     4x4       1.00    2730.2     301.5     79.3
206       12     6x3       2.00    2874.2     378.6     78.8
207       12     6x4       1.50    2972.0     414.1     79.5
208       12     5x6       0.83    3040.8     422.2     80.1
209       12     5x7       0.71    2088.2     479.6     82.3
210       12     4x5       0.80    3605.2     484.6     78.8
211       12     5x5       1.00    2922.2     519.2     80.0
212       12     4x5       0.80    2952.7     765.0     79.0
213       12     5x3       1.67    3625.1     811.8     75.5
214       12     3x5       0.60    2828.8     845.2     77.1
215       12     3x5       0.60    2228.2     887.2     77.7
216       12     6x3       2.00    2808.7    1200.8     78.6
217       12     4x4       1.00    1575.5    1285.2     76.9
218       12     3x5       0.60    3267.1    1488.8     76.3
219       11     2x7       0.29    1702.5      60.9     78.4
220       11     2x6       0.33    1706.5      75.7     76.2
221       11     6x2       3.00    2600.3     114.5     76.7
222       11     3x5       0.60    2791.0     177.0     78.7
223       11     2x7       0.29    2818.6     210.1     77.8
224       11     4x3       1.33    2861.5     216.1     76.0
225       11     3x4       0.75    3597.9     258.6     73.0
226       11     3x5       0.60    2912.8     392.7     79.1
227       11     5x3       1.67    2937.2     422.0     78.8
228       11     4x5       0.80    2942.5     431.6     80.2
229       11     4x5       0.80    2953.3     523.0     79.3
230       11     4x4       1.00    2924.4     525.5     78.7
231       11     3x6       0.50    3039.7     574.4     79.4
232       11     4x5       0.80     594.5     587.7     79.9
233       11     3x5       0.60    2234.3     886.5     79.3
234       11     5x3       1.67    2827.2     922.4     79.3
235       11     6x2       3.00    2851.3    1006.5     77.7
236       11     4x4       1.00    2192.6    1056.8     77.5
237       11     5x4       1.25    2677.5    1186.1     79.5
238       11     5x3       1.67    2513.5    1234.8     77.1
239       11     3x6       0.50    1041.9    1399.3     79.4
240       11     4x5       0.80    1046.5    1399.2     79.2
241       11     5x3       1.67    1845.0    1475.0     77.9
242       11     3x5       0.60    2282.6    1531.9     75.2
243       11     4x4       1.00    3709.7    1537.7     77.9
244       10     5x6       0.83    2587.2      99.7     83.1
245       10     3x5       0.60    2044.4     167.8     78.6
246       10     3x4       0.75    3226.0     167.2     74.8
247       10     5x2       2.50    2690.0     178.5     78.3
248       10     2x5       0.40    2580.5     205.0     77.2
249       10     2x6       0.33    2458.6     274.1     78.6
250       10     4x4       1.00    2800.7     331.7     78.8
251       10     4x3       1.33    2765.8     348.0     75.6
252       10     2x6       0.33    2936.6     401.5     78.2
253       10     3x4       0.75    2993.9     400.2     77.2
254       10     3x4       0.75    2977.8     404.5     78.8
255       10     3x5       0.60    2962.2     427.9     78.9
256       10     4x4       1.00    3025.2     434.7     78.8
257       10     5x3       1.67    3617.7     479.8     76.9
258       10     4x4       1.00    3507.6     727.7     76.0
259       10     3x4       0.75     763.2     738.3     77.8
260       10     4x4       1.00     751.5     762.5     78.1
261       10     4x3       1.33    2837.3     833.2     78.9
262       10     3x5       0.60    2807.7    1049.9     79.3
263       10     4x3       1.33    2667.5    1178.8     73.7
264       10     3x4       0.75    2386.0    1220.5     77.1
265       10     3x4       0.75    3574.1    1231.2     75.3
266       10     3x4       0.75    1553.0    1428.5     77.0
267       10     4x3       1.33    2148.5    1520.0     78.8
268       10     4x3       1.33    2234.3    1539.8     76.7
269        9     5x2       2.50    2640.2      34.4     75.3
270        9     4x3       1.33    1705.3      65.1     77.7
271        9     4x4       1.00    3150.3      66.4     79.3
272        9     5x3       1.67    3027.2     113.8     79.1
273        9     4x3       1.33    2040.3     167.1     77.2
274        9     4x3       1.33    2562.3     220.9     76.7
275        9     6x2       3.00    2182.4     244.6     78.2
276        9     2x5       0.40    2534.6     293.2     76.3
277        9     3x4       0.75    2544.0     292.7     78.7
278        9     3x4       0.75    3361.1     336.3     77.0
279        9     3x4       0.75     366.9     373.9     77.3
280        9     4x4       1.00    2889.4     393.4     79.4
281        9     4x5       0.80    2997.3     409.0     80.0
282        9     4x4       1.00    2955.4     410.8     79.5
283        9     3x5       0.60    2992.8     410.9     79.6
284        9     5x4       1.25    3005.7     414.7     79.7
285        9     3x5       0.60    2943.0     421.2     78.1
286        9     4x5       0.80    2953.3     515.2     79.4
287        9     5x3       1.67    1951.2     528.9     78.8
288        9     3x4       0.75    2984.1     532.1     78.5
289        9     2x5       0.40    3675.4     777.2     77.5
290        9     3x3       1.00    3714.0     857.0     75.7
291        9     4x4       1.00    3709.1     858.9     80.4
292        9     3x6       0.50    2808.0    1062.7     79.4
293        9     5x3       1.67    2803.0    1206.1     79.3
294        9     4x3       1.33    1764.4    1457.9     78.6
295        9     5x3       1.67    1841.2    1488.3     79.7
296        9     3x4       0.75    3561.7    1527.6     78.8
297        9     3x4       0.75    3704.3    1534.7     77.6
298        9     5x4       1.25    3431.8    1547.3     79.8
299        9     6x2       3.00    3886.7    2258.7     74.6
300        9     5x3       1.67    3879.0    2273.2     79.6
301        8     4x3       1.33    2368.5      72.9     77.8
302        8     4x3       1.33    3031.6      99.2     78.2
303        8     3x5       0.60    3202.9     171.1     79.6
304        8     3x5       0.60    2195.1     232.1     80.0
305        8     2x5       0.40    2170.6     237.6     77.5
306        8     3x4       0.75    3462.4     238.8     79.6
307        8     5x2       2.50    2759.0     244.4     75.8
308        8     4x3       1.33    2183.4     250.2     77.6
309        8     3x5       0.60    3983.0     318.0     78.8
310        8     5x3       1.67    3365.8     334.4     78.6
311        8     3x3       1.00    2676.1     354.9     78.2
312        8     4x4       1.00    2905.0     398.9     80.1
313        8     2x5       0.40    2940.6     402.1     78.7
314        8     5x3       1.67    2968.5     409.9     79.2
315        8     5x2       2.50    2985.1     426.6     78.7
316        8     4x3       1.33    3002.6     426.8     78.9
317        8     5x2       2.50    3010.6     431.4     79.0
318        8     3x3       1.00    2094.1     483.9     77.3
319        8     3x4       0.75    1950.4     519.2     78.5
320        8     2x5       0.40    2976.4     530.6     78.9
321        8     4x3       1.33    2886.8     594.1     78.5
322        8     4x3       1.33    2896.2     603.0     79.1
323        8     3x3       1.00    2846.1     721.1     74.4
324        8     4x3       1.33    3504.8     732.9     79.7
325        8     4x3       1.33     757.5     766.8     77.7
326        8     3x4       0.75    3678.2     893.4     78.2
327        8     4x2       2.00    2618.5     908.5     74.0
328        8     4x3       1.33    3872.8    1062.1     79.7
329        8     4x3       1.33    2727.2    1136.6     78.6
330        8     4x3       1.33    2678.4    1179.8     78.8
331        8     4x3       1.33    2811.9    1205.6     79.0
332        8     4x3       1.33    3571.6    1219.6     77.5
333        8     3x3       1.00    2525.1    1248.1     77.6
334        8     3x4       0.75    3583.0    1383.2     76.9
335        8     3x4       0.75    1756.1    1462.5     79.2
336        8     7x2       3.50    2292.4    1537.1     81.7
337        8     3x4       0.75    2224.8    1547.2     77.8
338        8     4x3       1.33    3922.5    1548.0     79.2
339        7     3x3       1.00    2274.3      37.0     77.4
340        7     4x2       2.00    3593.7      40.4     73.4
341        7     3x3       1.00    1714.3      53.0     78.0
342        7     4x2       2.00    1707.3      58.4     78.2
343        7     3x4       0.75    3037.9      97.4     79.7
344        7     3x4       0.75    3032.3     111.6     78.5
345        7     4x4       1.00    2707.4     136.6     81.2
346        7     4x3       1.33    3225.3     148.9     79.4
347        7     2x4       0.50    2790.6     169.3     75.4
348        7     4x2       2.00    2675.7     170.4     75.8
349        7     2x4       0.50    2196.6     243.7     76.5
350        7     4x3       1.33    2183.6     254.9     79.3
351        7     2x4       0.50    2956.4     320.7     72.9
352        7     5x2       2.50    3374.9     325.3     77.7
353        7     3x3       1.00     363.0     360.3     77.3
354        7     3x3       1.00    2878.0     372.7     75.8
355        7     3x3       1.00    2928.0     389.3     78.4
356        7     3x4       0.75    2990.9     393.9     79.4
357        7     3x4       0.75    2892.9     406.6     78.6
358        7     2x5       0.40    2890.7     410.1     79.0
359        7     4x3       1.33    2639.3     425.0     78.8
360        7     2x4       0.50    2954.6     431.7     78.8
361        7     4x2       2.00    3018.7     431.6     77.9
362        7     3x3       1.00    3016.3     463.9     79.6
363        7     4x3       1.33    2731.4     464.9     78.2
364        7     3x3       1.00    3601.7     476.0     77.2
365        7     3x5       0.60    3030.0     479.0     79.3
366        7     4x3       1.33    1635.6     479.7     79.1
367        7     4x3       1.33    2926.6     537.1     79.4
368        7     3x4       0.75    2913.7     574.7     79.6
369        7     4x2       2.00    3521.7     574.6     76.0
370        7     2x4       0.50     590.6     611.3     77.1
371        7     3x4       0.75    2864.7     706.6     77.6
372        7     3x4       0.75    2866.1     721.6     80.2
373        7     3x3       1.00    2638.7     725.9     74.1
374        7     2x5       0.40    2937.7     771.1     78.8
375        7     4x2       2.00    3069.7     854.6     77.6
376        7     3x4       0.75    3522.7     885.4     79.0
377        7     3x3       1.00    3659.7     895.0     77.4
378        7     4x2       2.00    2577.3    1000.4     77.4
379        7     2x4       0.50    2838.6    1023.7     76.4
380        7     3x3       1.00    2204.3    1043.9     78.1
381        7     3x3       1.00    2770.0    1081.0     78.4
382        7     4x3       1.33    3866.3    1086.1     79.1
383        7     5x2       2.50    2803.1    1088.6     79.2
384        7     3x3       1.00    2804.1    1198.7     77.0
385        7     4x2       2.00    2526.3    1256.6     77.9
386        7     3x4       0.75    1247.1    1306.6     78.7
387        7     2x4       0.50    1069.4    1397.7     78.1
388        7     2x4       0.50    1357.6    1401.3     77.2
389        7     2x5       0.40    1206.7    1403.6     78.5
390        7     2x4       0.50    1214.4    1408.7     78.8
391        7     3x3       1.00    1670.0    1460.7     77.0
392        7     4x3       1.33    1844.3    1481.1     79.8
393        7     2x5       0.40    3957.7    1521.6     78.3
394        7     3x3       1.00    3698.0    1523.0     78.0
395        7     3x4       0.75    2279.1    1530.3     79.1
396        7     3x3       1.00    3918.0    1546.0     79.3
397        7     3x3       1.00    2294.1    1548.3     77.1
398        6     3x3       1.00    2640.8      15.3     78.4
399        6     3x2       1.50    2977.0      25.5     77.7
400        6     3x2       1.50    2367.0      82.5     74.3
401        6     3x3       1.00    3229.3     157.7     78.6
402        6     2x3       0.67    3200.5     165.0     74.8
403        6     4x2       2.00    2575.5     198.5     78.4
404        6     2x3       0.67    2821.5     203.0     78.5
405        6     2x4       0.50    2138.5     205.5     77.5
406        6     3x4       0.75    2823.0     208.3     79.9
407        6     4x2       2.00    2176.5     234.7     77.4
408        6     3x2       1.50    2449.0     278.5     77.8
409        6     4x2       2.00    3620.5     282.3     76.8
410        6     2x3       0.67    2942.5     311.0     74.7
411        6     4x3       1.33    3985.7     320.3     80.1
412        6     3x2       1.50    2766.0     332.5     76.8
413        6     2x4       0.50    2792.3     333.2     79.0
414        6     3x3       1.00    2637.8     341.8     77.4
415        6     4x2       2.00     370.5     359.3     79.0
416        6     3x2       1.50    2865.0     366.5     78.0
417        6     4x2       2.00     347.8     372.7     78.5
418        6     3x2       1.50    2899.0     408.5     77.2
419        6     3x2       1.50    2971.0     422.5     78.3
420        6     3x3       1.00    2974.0     428.8     79.3
421        6     4x2       2.00    2514.5     434.5     78.8
422        6     2x3       0.67    2954.5     442.0     77.3
423        6     2x3       0.67    2514.5     447.0     76.5
424        6     4x2       2.00    3037.5     461.3     78.8
425        6     3x3       1.00    1615.8     480.8     78.3
426        6     2x4       0.50    3620.7     481.5     77.2
427        6     3x2       1.50    2690.0     503.5     74.3
428        6     2x4       0.50    1961.3     509.2     79.5
429        6     2x3       0.67    1952.5     511.0     76.7
430        6     3x3       1.00    1957.0     512.2     79.6
431        6     3x3       1.00    1947.8     514.8     78.9
432        6     3x3       1.00    2956.0     521.2     79.1
433        6     3x3       1.00    2920.2     535.3     78.7
434        6     4x2       2.00    2905.8     599.3     78.5
435        6     2x3       0.67    2892.5     609.0     75.2
436        6     3x3       1.00    2866.3     749.7     78.8
437        6     2x3       0.67    2848.5     802.0     78.8
438        6     3x4       0.75    2235.7     879.7     79.1
439        6     4x2       2.00    2857.2     919.3     76.8
440        6     2x4       0.50    3675.3     924.2     77.1
441        6     2x3       0.67    2818.5     945.0     73.8
442        6     4x2       2.00    2836.3    1017.7     78.9
443        6     3x3       1.00    2412.8    1044.8     78.3
444        6     3x3       1.00    3865.8    1064.8     78.0
445        6     3x2       1.50    2810.0    1211.5     78.3
446        6     3x2       1.50    3453.0    1253.5     77.3
447        6     3x3       1.00    3414.7    1294.7     79.2
448        6     2x3       0.67    3410.5    1305.0     74.2
449        6     2x4       0.50    1246.5    1321.5     77.6
450        6     3x2       1.50    1206.0    1397.5     76.8
451        6     3x2       1.50    1210.0    1408.5     78.2
452        6     3x3       1.00    1392.7    1431.7     78.7
453        6     2x3       0.67    1448.5    1433.0     74.3
454        6     3x2       1.50    3596.0    1446.5     74.0
455        6     4x2       2.00    1864.8    1478.7     78.4
456        6     3x3       1.00    3958.2    1491.8     74.9
457        6     5x2       2.50    2002.0    1503.5     80.2
458        6     4x2       2.00    3717.5    1534.5     76.1
459        6     3x2       1.50    3724.0    1538.5     75.5
460        6     3x2       1.50    2452.0    1556.5     78.3
461        6     2x3       0.67    3758.5    1558.0     77.3
462        6     2x4       0.50    1870.7    1957.8     79.1
463        5     3x3       1.00    2999.0      10.2     79.6
464        5     2x3       0.67    2997.4      23.8     79.0
465        5     3x3       1.00    3581.0      41.0     80.3
466        5     4x2       2.00    3029.4     102.6     78.6
467        5     2x3       0.67    3029.4     117.2     77.5
468        5     3x3       1.00    2323.0     171.0     76.4
469        5     2x3       0.67    2304.6     191.2     77.5
470        5     3x3       1.00    2134.0     195.0     78.6
471        5     3x3       1.00    2560.0     197.0     79.6
472        5     3x2       1.50    2138.2     199.6     76.8
473        5     3x3       1.00    2441.0     264.0     78.4
474        5     2x3       0.67    2550.4     294.8     79.2
475        5     2x4       0.50    2727.6     297.6     79.9
476        5     2x3       0.67    3355.6     336.2     77.3
477        5     3x2       1.50    3369.2     346.6     78.3
478        5     4x2       2.00     354.4     378.8     79.0
479        5     2x3       0.67     363.4     378.8     78.2
480        5     3x2       1.50    2924.2     387.4     79.0
481        5     2x3       0.67    2876.4     390.8     79.5
482        5     2x3       0.67    2970.6     391.2     78.7
483        5     2x4       0.50    2900.8     397.4     78.8
484        5     3x2       1.50    2896.8     401.6     78.2
485        5     2x3       0.67    2930.6     417.2     78.2
486        5     2x3       0.67    2938.4     416.8     79.0
487        5     3x2       1.50    2948.2     419.4     78.7
488        5     2x3       0.67    2993.4     420.8     78.8
489        5     2x3       0.67    3018.6     420.8     78.8
490        5     1x5       0.20    2959.0     425.0     78.2
491        5     3x2       1.50    2970.2     426.6     79.0
492        5     2x3       0.67    2524.4     432.8     77.0
493        5     2x3       0.67    2962.4     432.8     78.8
494        5     3x2       1.50    2926.2     434.6     74.7
495        5     3x3       1.00    3002.0     441.2     78.6
496        5     2x3       0.67    3470.6     498.8     78.5
497        5     4x2       2.00    2920.6     506.6     79.2
498        5     3x2       1.50    2963.2     510.6     78.8
499        5     2x3       0.67    2954.6     512.0     78.5
500        5     3x3       1.00    1955.0     522.6     79.2
501        5     2x3       0.67    2918.6     543.2     78.3
502        5     2x3       0.67    2906.6     553.2     78.8
503        5     3x3       1.00    2903.0     556.0     79.0
504        5     3x2       1.50    3546.8     607.6     78.5
505        5     2x3       0.67    2482.4     672.8     78.7
506        5     2x3       0.67    3601.6     686.2     76.3
507        5     2x3       0.67    2862.6     715.2     79.0
508        5     3x2       1.50    2471.2     746.4     78.0
509        5     3x3       1.00    3673.0     772.8     79.4
510        5     4x2       2.00    2939.2     790.8     79.1
511        5     3x2       1.50     837.2     836.6     78.7
512        5     3x3       1.00    3713.2     867.8     79.6
513        5     2x3       0.67    2231.6     891.8     77.8
514        5     3x3       1.00    2613.2     907.2     79.4
515        5     2x3       0.67    2741.4     962.2     77.5
516        5     3x3       1.00    3823.2    1011.0     78.7
517        5     2x3       0.67    3822.6    1020.2     76.3
518        5     3x3       1.00    2396.2    1052.2     80.3
519        5     3x3       1.00    2456.8    1069.8     79.7
520        5     3x3       1.00    3873.8    1080.8     80.2
521        5     3x3       1.00    3725.0    1109.0     79.2
522        5     2x3       0.67    2722.6    1141.2     77.3
523        5     4x2       2.00    3767.4    1258.8     78.9
524        5     2x3       0.67    3857.4    1358.2     79.2
525        5     2x3       0.67    3586.4    1384.8     77.8
526        5     2x3       0.67    1212.4    1405.2     78.7
527        5     2x3       0.67    3577.6    1452.2     76.0
528        5     4x2       2.00    1658.2    1454.8     79.8
529        5     4x2       2.00    1769.6    1464.8     79.8
530        5     2x3       0.67    1758.6    1469.2     78.3
531        5     2x3       0.67    2162.4    1525.2     78.7
532        5     3x2       1.50    2451.8    1552.6     78.2
